81 0.417245 0.015046 0.015818 0.016204
81 0.548804 0.006366 0.014275 0.011574
81 0.175733 0.600405 0.009645 0.029514
81 0.314815 0.705729 0.018519 0.032986
81 0.614583 0.400752 0.014660 0.024884
81 0.753086 0.271701 0.016975 0.034144
81 0.742091 0.227141 0.018904 0.024884
81 0.346451 0.304398 0.020833 0.052083
81 0.315394 0.450521 0.015818 0.023727
81 0.399884 0.274595 0.020448 0.039931
81 0.466049 0.252315 0.016975 0.031250
81 0.656057 0.212384 0.020448 0.027778
81 0.518519 0.134259 0.014660 0.032407
81 0.526427 0.176794 0.015046 0.024884
81 0.485918 0.178241 0.015046 0.027778
81 0.265239 0.538773 0.015046 0.025463
81 0.467014 0.537905 0.026620 0.035301
81 0.417245 0.451100 0.015818 0.028356
81 0.664545 0.517940 0.029707 0.048611
81 0.721836 0.466146 0.013889 0.019097
81 0.729745 0.496238 0.011960 0.023727
81 0.731289 0.442419 0.016590 0.024884
81 0.751929 0.351852 0.010802 0.027778
81 0.790123 0.382234 0.013889 0.020255
81 0.804398 0.531250 0.013117 0.016204
81 0.790123 0.577257 0.017747 0.019097
81 0.781829 0.614294 0.012731 0.028356
81 0.772184 0.628472 0.019676 0.026620
81 0.746528 0.646412 0.055556 0.062500
81 0.842978 0.501736 0.013117 0.019676
81 0.792245 0.805845 0.015818 0.028356
81 0.748071 0.988426 0.013117 0.019676
81 0.899113 0.733796 0.015818 0.026620
81 0.839506 0.758970 0.031636 0.044560
